Sample	Chromosome	Start_Position.bp.	End_Position.bp.	Length.snp.	Median_Ratio	Median_logR	TITAN_state	TITAN_call	Copy_Number	MinorCN	MajorCN	Clonal_Cluster	Cellular_Prevalence	logR_Copy_Number	Corrected_Ratio	Corrected_Copy_Number	Corrected_Call	Corrected_MajorCN	Corrected_MinorCN
TitanCNA	1	1898612	143190986	518	0.642857	2	18	UBCNA	7	2	5	1	1	7.1550066872311	0.659314367326314	7	HLAMP	5	2
TitanCNA	1	143191267	143220438	171	0.771429	2	17	ASCNA	7	1	6	1	1	7.1550066872311	0.802698078561177	7	HLAMP	6	1
TitanCNA	1	143220446	143222255	29	0.761905	2	18	UBCNA	7	2	5	1	1	7.1550066872311	0.792076897699086	7	HLAMP	5	2
TitanCNA	1	143222358	143241587	129	0.789474	2	17	ASCNA	7	1	6	1	1	7.1550066872311	0.822821892993815	7	HLAMP	6	1
TitanCNA	1	143241602	143253228	39	0.705882	2	18	UBCNA	7	2	5	1	1	7.1550066872311	0.729599953617087	7	HLAMP	5	2
TitanCNA	1	143253234	143253245	2	0.945122	2	16	ALOH	7	0	7	1	1	7.1550066872311	0.99640080509197	7	HLAMP	7	0
TitanCNA	1	143253273	143255385	19	0.681818	2	18	UBCNA	7	2	5	1	1	7.1550066872311	0.702763740233491	7	HLAMP	5	2
TitanCNA	1	143255609	143258960	20	0.747472	2	17	ASCNA	7	1	6	1	1	7.1550066872311	0.775981191758035	7	HLAMP	6	1
TitanCNA	1	143261781	143261975	4	0.992147	2	16	ALOH	7	0	7	1	1	7.1550066872311	1	7	HLAMP	7	0
TitanCNA	1	143261983	143261983	1	0.616307	2	23	UBCNA	8	3	5	1	1	7.1550066872311	0.629705762550114	7	HLAMP	4	3
TitanCNA	1	143262001	143267085	47	0.82716	2	17	ASCNA	7	1	6	1	1	7.1550066872311	0.864849383750722	7	HLAMP	6	1
TitanCNA	1	143267121	146987675	29	0.692308	2	18	UBCNA	7	2	5	1	1	7.1550066872311	0.714462205924728	7	HLAMP	5	2
TitanCNA	1	147589132	147589132	1	0.636364	1	5	GAIN	3	1	2	1	1	3.16536892502215	0.671873477213104	3	GAIN	2	1
TitanCNA	1	149369720	206924232	28	0.6	2	19	UBCNA	7	3	4	1	1	7.1550066872311	0.611520168648588	7	HLAMP	4	3
TitanCNA	2	57089280	91574044	250	0.636364	2	18	UBCNA	7	2	5	1	1	7.1550066872311	0.652073362775961	7	HLAMP	5	2
TitanCNA	2	91857157	91990575	7	0.6	3	23	UBCNA	8	3	5	1	1	15.134282211649	0.605446368883966	15	HLAMP	9	6
TitanCNA	2	94232366	177413760	83	0.6	2	19	UBCNA	7	3	4	1	1	7.1550066872311	0.611520168648588	7	HLAMP	4	3
TitanCNA	2	190365967	190366059	2	0.571429	1	5	GAIN	3	1	2	1	1	3.16536892502215	0.59002926435023	3	GAIN	2	1
TitanCNA	3	42809057	72236544	13	0.6	2	19	UBCNA	7	3	4	1	1	7.1550066872311	0.611520168648588	7	HLAMP	4	3
TitanCNA	3	75667553	75701048	91	0.666667	1	5	GAIN	3	1	2	1	1	3.16536892502215	0.710067443215778	3	GAIN	2	1
TitanCNA	3	89092190	160638660	35	0.6	2	19	UBCNA	7	3	4	1	1	7.1550066872311	0.611520168648588	7	HLAMP	4	3
TitanCNA	3	162615365	162615365	1	0.6	1	5	GAIN	3	1	2	1	1	3.16536892502215	0.626040213849039	3	GAIN	2	1
TitanCNA	4	6004012	49107107	131	0.666667	2	18	UBCNA	7	2	5	1	1	7.1550066872311	0.685867319481543	7	HLAMP	5	2
TitanCNA	4	49107333	49109940	44	0.810185	2	17	ASCNA	7	1	6	1	1	7.1550066872311	0.845918835122624	7	HLAMP	6	1
TitanCNA	4	49110020	49119155	71	0.727273	2	18	UBCNA	7	2	5	1	1	7.1550066872311	0.753455232892706	7	HLAMP	5	2
TitanCNA	4	49119240	49120939	26	0.83005	2	17	ASCNA	7	1	6	1	1	7.1550066872311	0.868072316624666	7	HLAMP	6	1
TitanCNA	4	49120953	49120991	2	0.572084	2	19	UBCNA	7	3	4	1	1	7.1550066872311	0.580388198368649	7	HLAMP	4	3
TitanCNA	4	49121005	49121061	7	0.892938	2	21	ASCNA	8	1	7	1	1	7.1550066872311	0.938205120284391	7	HLAMP	7	0
TitanCNA	4	49121119	190112832	570	0.666667	2	18	UBCNA	7	2	5	1	1	7.1550066872311	0.685867319481543	7	HLAMP	5	2
TitanCNA	4	190177681	190179944	29	0.778523	2	17	ASCNA	7	1	6	1	1	7.1550066872311	0.810609319325108	7	HLAMP	6	1
TitanCNA	5	1609199	47330962	39	0.6	2	19	UBCNA	7	3	4	1	1	7.1550066872311	0.611520168648588	7	HLAMP	4	3
TitanCNA	5	49252336	49599678	14	0.943497	2	16	ALOH	7	0	7	1	1	7.1550066872311	0.99458860235143	7	HLAMP	7	0
TitanCNA	5	49599709	49599843	9	0.575	2	18	UBCNA	7	2	5	1	1	7.1550066872311	0.583640126486441	7	HLAMP	5	2
TitanCNA	5	49599932	49600034	8	0.976342	2	16	ALOH	7	0	7	1	1	7.1550066872311	1	7	HLAMP	7	0
TitanCNA	5	49600045	49600229	13	0.632184	2	18	UBCNA	7	2	5	1	1	7.1550066872311	0.64741181972645	7	HLAMP	5	2
TitanCNA	5	49600240	49600324	6	0.983667	2	16	ALOH	7	0	7	1	1	7.1550066872311	1	7	HLAMP	7	0
TitanCNA	5	49600339	49659021	99	0.772727	2	17	ASCNA	7	1	6	1	1	7.1550066872311	0.804145610350236	7	HLAMP	6	1
TitanCNA	5	49659252	49661122	28	0.658333	2	18	UBCNA	7	2	5	1	1	7.1550066872311	0.676573228626369	7	HLAMP	5	2
TitanCNA	5	49661452	49661452	1	0.965035	2	16	ALOH	7	0	7	1	1	7.1550066872311	1	7	HLAMP	7	0
TitanCNA	5	49666636	174148124	56	0.591667	2	19	UBCNA	7	3	4	1	1	7.1550066872311	0.602227192995102	7	HLAMP	4	3
TitanCNA	6	354101	169923833	114	0.6	2	18	UBCNA	7	2	5	1	1	7.1550066872311	0.611520168648588	7	HLAMP	5	2
TitanCNA	7	22304200	69263756	326	0.638182	2	18	UBCNA	7	2	5	1	1	7.1550066872311	0.654100799441993	7	HLAMP	5	2
TitanCNA	7	98486901	139146961	116	0.583333	2	19	UBCNA	7	3	4	1	1	7.1550066872311	0.592933102139928	7	HLAMP	4	3
TitanCNA	8	617740	6039397	10	0.591667	2	19	UBCNA	7	3	4	1	1	7.1550066872311	0.602227192995102	7	HLAMP	4	3
TitanCNA	8	7074117	7074117	1	0.666667	1	5	GAIN	3	1	2	1	1	3.16536892502215	0.710067443215778	3	GAIN	2	1
TitanCNA	8	7813648	85774388	89	0.6	2	19	UBCNA	7	3	4	1	1	7.1550066872311	0.611520168648588	7	HLAMP	4	3
TitanCNA	9	39016843	39059772	6	0.572727	2	19	UBCNA	7	3	4	1	1	7.1550066872311	0.581105273053059	7	HLAMP	4	3
TitanCNA	9	40879796	41111512	136	0.636364	1	5	GAIN	3	1	2	1	1	3.16536892502215	0.671873477213104	3	GAIN	2	1
TitanCNA	9	41224887	63892608	297	0.653846	2	18	UBCNA	7	2	5	1	1	7.1550066872311	0.671569318659107	7	HLAMP	5	2
TitanCNA	9	67723812	67723818	3	0.529412	1	5	GAIN	3	1	2	1	1	3.16536892502215	0.537070947697279	3	GAIN	2	1
TitanCNA	9	68315620	135091869	28	0.6	2	19	UBCNA	7	3	4	1	1	7.1550066872311	0.611520168648588	7	HLAMP	4	3
TitanCNA	10	47328379	124227438	36	0.6	2	19	UBCNA	7	3	4	1	1	7.1550066872311	0.611520168648588	7	HLAMP	4	3
TitanCNA	11	3652047	62133883	35	0.6	2	19	UBCNA	7	3	4	1	1	7.1550066872311	0.611520168648588	7	HLAMP	4	3
TitanCNA	12	11576860	132155884	73	0.6	2	19	UBCNA	7	3	4	1	1	7.1550066872311	0.611520168648588	7	HLAMP	4	3
TitanCNA	14	19126492	105162689	44	0.6	2	19	UBCNA	7	3	4	1	1	7.1550066872311	0.611520168648588	7	HLAMP	4	3
TitanCNA	15	20648144	20672483	4	0.545455	1	5	GAIN	3	1	2	1	1	3.16536892502215	0.557291579205081	3	GAIN	2	1
TitanCNA	15	21283749	61605716	14	0.591667	2	19	UBCNA	7	3	4	1	1	7.1550066872311	0.602227192995102	7	HLAMP	4	3
TitanCNA	15	67389656	67389656	1	0.6	1	5	GAIN	3	1	2	1	1	3.16536892502215	0.626040213849039	3	GAIN	2	1
TitanCNA	15	67817569	101965849	16	0.545455	2	19	UBCNA	7	3	4	1	1	7.1550066872311	0.550691492659216	7	HLAMP	4	3
TitanCNA	16	19444293	34212514	51	0.583333	2	19	UBCNA	7	3	4	1	1	7.1550066872311	0.592933102139928	7	HLAMP	4	3
TitanCNA	16	34571562	34572268	20	0.832596	2	17	ASCNA	7	1	6	1	1	7.1550066872311	0.870911620118459	7	HLAMP	6	1
TitanCNA	16	34572347	34572500	5	0.986425	2	16	ALOH	7	0	7	1	1	7.1550066872311	1	7	HLAMP	7	0
TitanCNA	16	34572633	34572838	5	0.680052	2	18	UBCNA	7	2	5	1	1	7.1550066872311	0.700794294055156	7	HLAMP	5	2
TitanCNA	16	34572992	34573021	2	0.996974	2	20	ALOH	8	0	8	1	1	7.1550066872311	1	7	HLAMP	7	0
TitanCNA	16	34573026	34573207	7	0.642857	2	18	UBCNA	7	2	5	1	1	7.1550066872311	0.659314367326314	7	HLAMP	5	2
TitanCNA	16	34573472	34581228	43	0.783641	2	17	ASCNA	7	1	6	1	1	7.1550066872311	0.816316921556543	7	HLAMP	6	1
TitanCNA	16	34581232	34581686	5	0.664414	2	18	UBCNA	7	2	5	1	1	7.1550066872311	0.68335477008189	7	HLAMP	5	2
TitanCNA	16	34581716	34582480	8	0.966719	2	16	ALOH	7	0	7	1	1	7.1550066872311	1	7	HLAMP	7	0
TitanCNA	16	34582533	34582707	10	0.846591	2	17	ASCNA	7	1	6	1	1	7.1550066872311	0.886518867720829	7	HLAMP	6	1
TitanCNA	16	34582896	34582912	2	0.987421	2	20	ALOH	8	0	8	1	1	7.1550066872311	1	7	HLAMP	7	0
TitanCNA	16	34582929	34583735	8	0.841022	2	21	ASCNA	8	1	7	1	1	7.1550066872311	0.880308309528789	7	HLAMP	6	1
TitanCNA	16	34583782	34583856	3	0.715152	2	18	UBCNA	7	2	5	1	1	7.1550066872311	0.739937873250811	7	HLAMP	5	2
TitanCNA	16	34583891	34583891	1	0.994937	2	20	ALOH	8	0	8	1	1	7.1550066872311	1	7	HLAMP	7	0
TitanCNA	16	34584798	34585087	4	0.577276	2	23	UBCNA	8	3	5	1	1	7.1550066872311	0.586178325524883	7	HLAMP	4	3
TitanCNA	16	34585126	34585126	1	0.944554	2	16	ALOH	7	0	7	1	1	7.1550066872311	0.995767370534046	7	HLAMP	7	0
TitanCNA	16	34585159	34585159	1	0.643653	2	24	BCNA	8	4	4	1	1	7.1550066872311	0.660202067868757	7	HLAMP	5	2
TitanCNA	16	34585193	34585515	13	0.819121	2	17	ASCNA	7	1	6	1	1	7.1550066872311	0.855884277393062	7	HLAMP	6	1
TitanCNA	16	34585651	34585651	1	0.995633	2	20	ALOH	8	0	8	1	1	7.1550066872311	1	7	HLAMP	7	0
TitanCNA	16	34585800	34585922	6	0.867919	2	21	ASCNA	8	1	7	1	1	7.1550066872311	0.9103038892902	7	HLAMP	6	1
TitanCNA	16	34585933	34586032	5	0.591125	2	23	UBCNA	8	3	5	1	1	7.1550066872311	0.601622753681026	7	HLAMP	4	3
TitanCNA	16	34586042	34586042	1	0.99646	2	20	ALOH	8	0	8	1	1	7.1550066872311	1	7	HLAMP	7	0
TitanCNA	16	34586073	34586073	1	0.809773	2	17	ASCNA	7	1	6	1	1	7.1550066872311	0.845459372027792	7	HLAMP	6	1
TitanCNA	16	34586079	34586095	2	0.544867	2	19	UBCNA	7	3	4	1	1	7.1550066872311	0.550035754067562	7	HLAMP	4	3
TitanCNA	16	34586161	34586746	12	0.889363	2	21	ASCNA	8	1	7	1	1	7.1550066872311	0.934218274255204	7	HLAMP	7	0
TitanCNA	16	34586770	34586770	1	0.539326	2	19	UBCNA	7	3	4	1	1	7.1550066872311	0.543856421522744	7	HLAMP	4	3
TitanCNA	16	34586790	34586915	2	0.973028	2	20	ALOH	8	0	8	1	1	7.1550066872311	1	7	HLAMP	7	0
TitanCNA	16	34586988	34587023	2	0.696681	2	18	UBCNA	7	2	5	1	1	7.1550066872311	0.71933898289973	7	HLAMP	5	2
TitanCNA	16	34587032	34590213	32	0.811334	2	17	ASCNA	7	1	6	1	1	7.1550066872311	0.847200201860397	7	HLAMP	6	1
TitanCNA	16	34590360	34591702	22	0.764057	2	18	UBCNA	7	2	5	1	1	7.1550066872311	0.794476811728403	7	HLAMP	5	2
TitanCNA	16	34591855	34592684	8	0.97667	2	16	ALOH	7	0	7	1	1	7.1550066872311	1	7	HLAMP	7	0
TitanCNA	16	34592801	34592852	2	0.762987	2	22	UBCNA	8	2	6	1	1	7.1550066872311	0.793283545923863	7	HLAMP	6	1
TitanCNA	16	34592886	34592909	2	0.972421	2	16	ALOH	7	0	7	1	1	7.1550066872311	1	7	HLAMP	7	0
TitanCNA	16	34592996	34592996	1	0.554688	2	19	UBCNA	7	3	4	1	1	7.1550066872311	0.56098814983054	7	HLAMP	4	3
TitanCNA	16	34593041	34593187	2	0.993031	2	20	ALOH	8	0	8	1	1	7.1550066872311	1	7	HLAMP	7	0
TitanCNA	16	34593222	34594650	26	0.840602	2	17	ASCNA	7	1	6	1	1	7.1550066872311	0.879839924820465	7	HLAMP	6	1
TitanCNA	16	34594654	34594655	2	0.652423	2	18	UBCNA	7	2	5	1	1	7.1550066872311	0.669982386659238	7	HLAMP	5	2
TitanCNA	16	34594844	34594874	3	0.992519	2	20	ALOH	8	0	8	1	1	7.1550066872311	1	7	HLAMP	7	0
TitanCNA	16	34594883	34594921	3	0.703106	2	18	UBCNA	7	2	5	1	1	7.1550066872311	0.726504153735402	7	HLAMP	5	2
TitanCNA	16	34594929	34595042	3	0.979798	2	16	ALOH	7	0	7	1	1	7.1550066872311	1	7	HLAMP	7	0
TitanCNA	16	34595125	34595125	1	0.521401	2	19	UBCNA	7	3	4	1	1	7.1550066872311	0.523866431292484	7	HLAMP	4	3
TitanCNA	16	34595153	34595449	6	0.961582	2	16	ALOH	7	0	7	1	1	7.1550066872311	1	7	HLAMP	7	0
TitanCNA	16	34595573	34595616	4	0.726342	2	22	UBCNA	8	2	6	1	1	7.1550066872311	0.752416980122588	7	HLAMP	5	2
TitanCNA	16	34595619	34595648	2	0.924285	2	16	ALOH	7	0	7	1	1	7.1550066872311	0.973163347550664	7	HLAMP	7	0
TitanCNA	16	34595662	34595695	3	0.769424	2	18	UBCNA	7	2	5	1	1	7.1550066872311	0.800462099179773	7	HLAMP	5	2
TitanCNA	16	34595727	34595727	1	0.994413	2	20	ALOH	8	0	8	1	1	7.1550066872311	1	7	HLAMP	7	0
TitanCNA	16	34595771	34953228	85	0.65	2	18	UBCNA	7	2	5	1	1	7.1550066872311	0.667280252972883	7	HLAMP	5	2
TitanCNA	17	21021307	22157905	285	0.625	2	18	UBCNA	7	2	5	1	1	7.1550066872311	0.639400210810736	7	HLAMP	5	2
TitanCNA	17	23016258	24188703	8	1	2	16	ALOH	7	0	7	1	1	7.1550066872311	1	7	HLAMP	7	0
TitanCNA	17	25074459	26594947	14	0.746364	2	17	ASCNA	7	1	6	1	1	7.1550066872311	0.774745548289408	7	HLAMP	6	1
TitanCNA	17	26594965	26603733	8	1	2	16	ALOH	7	0	7	1	1	7.1550066872311	1	7	HLAMP	7	0
TitanCNA	17	26603842	26604137	4	0.844118	2	17	ASCNA	7	1	6	1	1	7.1550066872311	0.88376097395015	7	HLAMP	6	1
TitanCNA	17	26604203	26604203	1	0.988599	2	20	ALOH	8	0	8	1	1	7.1550066872311	1	7	HLAMP	7	0
TitanCNA	17	26604292	26619484	16	0.870176	2	17	ASCNA	7	1	6	1	1	7.1550066872311	0.912820899496599	7	HLAMP	6	1
TitanCNA	17	26619491	26619654	3	0.954054	2	16	ALOH	7	0	7	1	1	7.1550066872311	1	7	HLAMP	7	0
TitanCNA	17	26619733	26619779	2	0.669319	2	18	UBCNA	7	2	5	1	1	7.1550066872311	0.688824834354103	7	HLAMP	5	2
TitanCNA	17	26619883	26619960	3	0.895105	2	16	ALOH	7	0	7	1	1	7.1550066872311	0.940621762339006	7	HLAMP	7	0
TitanCNA	17	26620008	79620486	196	0.6	2	18	UBCNA	7	2	5	1	1	7.1550066872311	0.611520168648588	7	HLAMP	5	2
TitanCNA	19	8779689	50944929	95	0.6	2	19	UBCNA	7	3	4	1	1	7.1550066872311	0.611520168648588	7	HLAMP	4	3
TitanCNA	20	19470993	24232287	3	0.6	2	19	UBCNA	7	3	4	1	1	7.1550066872311	0.611520168648588	7	HLAMP	4	3
TitanCNA	21	9913105	9958991	10	0.686275	1	5	GAIN	3	1	2	1	1	3.16536892502215	0.734781408347298	3	GAIN	2	1
TitanCNA	21	10270224	10270338	11	0.803468	2	17	ASCNA	7	1	6	1	1	7.1550066872311	0.838428025394498	7	HLAMP	6	1
TitanCNA	21	10270368	10325858	42	0.966547	2	16	ALOH	7	0	7	1	1	7.1550066872311	1	7	HLAMP	7	0
TitanCNA	21	10325896	10699932	715	0.642857	2	18	UBCNA	7	2	5	1	1	7.1550066872311	0.659314367326314	7	HLAMP	5	2
TitanCNA	21	10700135	10716198	123	0.636364	3	24	BCNA	8	4	4	1	1	15.134282211649	0.643790886464931	15	HLAMP	10	5
TitanCNA	21	10716219	10723629	234	0.722222	3	22	UBCNA	8	2	6	1	1	15.134282211649	0.734325029861326	15	HLAMP	11	4
TitanCNA	21	10724083	13005381	360	0.628289	3	24	BCNA	8	4	4	1	1	15.134282211649	0.635276092177551	15	HLAMP	10	5
TitanCNA	22	15705983	27093028	30	0.615385	2	18	UBCNA	7	2	5	1	1	7.1550066872311	0.628677546595174	7	HLAMP	5	2
